simulation,other_atom,frame,x,y,z
n2em2,9065_WAT,26,70.525566,88.41593,64.52984
n2em2,9065_WAT,59,70.40813,88.78625,64.30995
n2em2,9065_WAT,136,69.554634,88.44482,64.522446
n2em2,9065_WAT,165,69.37894,88.05235,64.31399
n2em2,9065_WAT,167,69.434525,88.16528,64.53544
n2em2,9065_WAT,172,69.25229,88.12841,64.44037
n2em2,9065_WAT,180,69.52629,88.17347,64.387596
n2em2,9065_WAT,186,69.425514,88.1732,64.458374
n2em2,9065_WAT,235,69.488655,88.295235,64.35574
n2em2,9065_WAT,245,69.43704,88.21008,64.432526
n2em2,9065_WAT,291,69.44427,88.134796,64.52706
n2em2,9065_WAT,306,69.87604,88.28908,64.738655
n2em2,9065_WAT,320,69.43581,88.13463,64.68939
n2em2,9065_WAT,324,69.81658,88.310555,64.568214
n2em2,9065_WAT,329,69.576096,88.13854,64.535324
n2em2,9065_WAT,332,69.65185,88.38147,64.5698
n2em2,9065_WAT,382,69.51173,88.241356,64.56109
n2em2,9065_WAT,22,70.47658,88.21525,64.73072
n2em2,9065_WAT,24,70.608475,88.41084,64.847145
n2em2,9065_WAT,31,70.59961,88.35745,64.60612
n2em2,9065_WAT,40,70.45177,88.96104,64.36486
n2em2,9065_WAT,56,71.03053,88.68241,64.789566
n2em2,9065_WAT,58,70.75408,88.476654,65.07458
n2em2,9065_WAT,61,70.2717,87.97372,65.16893
n2em2,9065_WAT,62,70.50229,88.32381,64.892555
n2em2,9065_WAT,63,70.5816,88.23594,65.142426
n2em2,9065_WAT,64,69.986115,87.87226,65.04956
n2em2,9065_WAT,65,70.30375,88.193985,65.27496
n2em2,9065_WAT,67,70.83973,88.46791,64.759544
n2em2,9065_WAT,68,70.14292,88.36884,65.08457
n2em2,9065_WAT,69,70.255554,87.93418,65.04592
n2em2,9065_WAT,70,70.344025,88.10399,65.045494
n2em2,9065_WAT,71,70.34017,88.101204,64.7699
n2em2,9065_WAT,72,70.63259,88.1908,65.11712
n2em2,9065_WAT,74,70.24984,87.98573,65.04828
n2em2,9065_WAT,76,70.17971,88.27846,65.28894
n2em2,9065_WAT,79,70.35176,88.11124,65.2786
n2em2,9065_WAT,80,70.25568,87.97368,65.30017
n2em2,9065_WAT,81,70.3557,87.92853,65.28865
n2em2,9065_WAT,82,70.45718,88.07287,65.046364
n2em2,9065_WAT,83,70.42488,88.31994,64.818344
n2em2,9065_WAT,84,70.54433,88.012436,65.109726
n2em2,9065_WAT,85,70.2758,88.0506,65.44197
n2em2,9065_WAT,86,70.50977,88.17998,64.987595
n2em2,9065_WAT,87,70.08583,88.012665,65.33945
n2em2,9065_WAT,88,70.11155,87.82229,65.33605
n2em2,9065_WAT,90,69.98482,87.8882,65.35091
n2em2,9065_WAT,91,70.22333,88.03925,65.1777
n2em2,9065_WAT,93,70.258484,88.29632,64.7719
n2em2,9065_WAT,94,69.80084,87.72837,65.325096
n2em2,9065_WAT,95,70.125984,88.06662,64.8347
n2em2,9065_WAT,96,70.02608,88.008514,64.9992
n2em2,9065_WAT,97,70.081085,88.18694,64.687256
n2em2,9065_WAT,98,69.90639,88.3393,64.88619
n2em2,9065_WAT,99,70.16809,87.80346,65.39383
n2em2,9065_WAT,100,70.045265,87.79292,65.23016
n2em2,9065_WAT,101,70.3768,87.79862,65.216095
n2em2,9065_WAT,102,70.67385,87.99387,64.89028
n2em2,9065_WAT,103,70.66327,87.92779,64.92577
n2em2,9065_WAT,105,70.16683,88.02241,64.83043
n2em2,9065_WAT,107,70.468834,87.998184,64.66534
n2em2,9065_WAT,108,69.80118,87.75626,65.48271
n2em2,9065_WAT,109,70.457466,87.89437,65.20563
n2em2,9065_WAT,110,70.32927,87.7644,65.0714
n2em2,9065_WAT,111,70.36717,88.09626,65.2256
n2em2,9065_WAT,112,70.30858,88.02574,65.06638
n2em2,9065_WAT,113,70.324875,87.7428,65.087685
n2em2,9065_WAT,115,70.41114,88.015144,64.80711
n2em2,9065_WAT,116,69.7782,87.99626,64.739456
n2em2,9065_WAT,117,69.94249,88.15558,64.921906
n2em2,9065_WAT,118,70.25703,88.27414,64.524826
n2em2,9065_WAT,119,70.026405,88.81512,64.51283
n2em2,9065_WAT,120,69.82437,88.29175,64.87289
n2em2,9065_WAT,121,70.143524,88.711624,64.39793
n2em2,9065_WAT,122,70.03032,88.5334,64.851166
n2em2,9065_WAT,123,70.17331,88.73538,64.755035
n2em2,9065_WAT,124,70.220024,88.49841,64.604034
n2em2,9065_WAT,125,70.29573,88.4546,64.8817
n2em2,9065_WAT,126,70.233444,88.50346,64.6669
n2em2,9065_WAT,128,70.31408,88.298355,64.72175
n2em2,9065_WAT,129,70.27953,88.3569,64.65831
n2em2,9065_WAT,130,70.39858,88.483154,64.62708
n2em2,9065_WAT,131,70.237236,88.34407,64.88112
n2em2,9065_WAT,133,70.02243,88.579025,64.56052
n2em2,9065_WAT,134,70.12044,88.507866,64.813225
n2em2,9065_WAT,135,70.01546,88.742386,64.89484
n2em2,9065_WAT,137,69.91258,88.46152,64.69708
n2em2,9065_WAT,140,70.0141,88.43305,64.415375
n2em2,9065_WAT,141,69.86649,88.46144,64.67974
n2em2,9065_WAT,142,70.26787,88.620895,64.70381
n2em2,9065_WAT,143,70.59955,88.6009,64.93168
n2em2,9065_WAT,145,69.98743,88.271,64.17703
n2em2,9065_WAT,146,70.14931,88.561424,64.226
n2em2,9065_WAT,147,70.234695,88.47839,64.20586
n2em2,9065_WAT,148,70.06071,88.20703,64.50928
n2em2,9065_WAT,149,69.63844,88.48164,64.44759
n2em2,9065_WAT,150,69.53667,88.31003,64.58048
n2em2,9065_WAT,151,69.75522,88.10724,64.29987
n2em2,9065_WAT,152,69.66443,88.25762,64.45136
n2em2,9065_WAT,153,69.615036,88.36062,64.60092
n2em2,9065_WAT,154,69.71095,88.04108,64.68052
n2em2,9065_WAT,155,69.74408,88.433975,64.37567
n2em2,9065_WAT,156,69.88409,88.31018,64.52731
n2em2,9065_WAT,157,69.70444,88.437096,64.560524
n2em2,9065_WAT,159,69.724655,88.550156,64.75334
n2em2,9065_WAT,160,69.84011,88.24506,64.55866
n2em2,9065_WAT,162,70.00637,88.338974,64.34938
n2em2,9065_WAT,163,69.67716,88.454765,64.49561
n2em2,9065_WAT,164,69.95004,88.12368,64.34132
n2em2,9065_WAT,166,69.84656,88.39031,64.50525
n2em2,9065_WAT,168,69.6009,88.32126,64.66356
n2em2,9065_WAT,169,69.43577,88.16747,64.51161
n2em2,9065_WAT,170,69.75069,88.134735,64.722435
n2em2,9065_WAT,171,69.34381,88.13322,64.552444
n2em2,9065_WAT,173,69.659546,88.29813,64.63409
n2em2,9065_WAT,174,69.48034,88.28166,64.57574
n2em2,9065_WAT,176,69.70877,88.08454,64.41302
n2em2,9065_WAT,177,69.63958,88.37475,64.24394
n2em2,9065_WAT,178,69.5831,88.18746,64.74307
n2em2,9065_WAT,179,69.71662,88.27527,64.87851
n2em2,9065_WAT,181,69.85454,88.151985,64.43857
n2em2,9065_WAT,182,70.01068,88.11255,64.62196
n2em2,9065_WAT,183,69.83563,88.06933,65.02767
n2em2,9065_WAT,184,69.77178,88.17249,64.48648
n2em2,9065_WAT,185,69.92626,88.280594,64.93637
n2em2,9065_WAT,187,69.605545,88.513695,64.52799
n2em2,9065_WAT,189,69.98758,88.01489,64.835625
n2em2,9065_WAT,190,69.58844,88.38487,64.54423
n2em2,9065_WAT,191,69.74097,88.33905,64.243286
n2em2,9065_WAT,192,69.79681,88.44399,64.65575
n2em2,9065_WAT,193,69.64114,88.193924,64.68886
n2em2,9065_WAT,194,69.73645,88.4368,64.50956
n2em2,9065_WAT,195,69.8302,88.47299,64.76646
n2em2,9065_WAT,196,69.55395,88.48213,64.379395
n2em2,9065_WAT,197,69.316284,88.1179,64.26043
n2em2,9065_WAT,198,69.685356,88.09957,64.91621
n2em2,9065_WAT,199,69.73165,88.252495,64.24136
n2em2,9065_WAT,200,69.59728,88.14883,64.54169
n2em2,9065_WAT,201,69.778595,88.339,64.49847
n2em2,9065_WAT,202,69.45942,88.318,64.485214
n2em2,9065_WAT,203,69.63163,88.474976,64.4782
n2em2,9065_WAT,205,69.39768,88.76485,64.556114
n2em2,9065_WAT,206,69.39157,88.47926,64.69777
n2em2,9065_WAT,207,69.78149,88.24099,64.72201
n2em2,9065_WAT,208,69.912155,88.38766,64.64591
n2em2,9065_WAT,209,69.98543,88.3232,64.64488
n2em2,9065_WAT,211,70.24001,88.17299,64.71733
n2em2,9065_WAT,212,69.72967,88.25606,64.00085
n2em2,9065_WAT,214,69.70115,88.44047,64.510254
n2em2,9065_WAT,215,69.70836,88.0793,64.66817
n2em2,9065_WAT,216,69.65069,88.32667,64.7098
n2em2,9065_WAT,218,69.96553,88.34163,64.838615
n2em2,9065_WAT,219,69.94302,88.13231,64.95266
n2em2,9065_WAT,221,69.544,88.44578,64.53975
n2em2,9065_WAT,222,69.49685,88.080185,64.68142
n2em2,9065_WAT,223,69.30206,88.41408,64.306946
n2em2,9065_WAT,224,69.9249,87.98752,64.7369
n2em2,9065_WAT,225,69.802704,88.50509,64.53363
n2em2,9065_WAT,226,69.74957,88.22239,64.339294
n2em2,9065_WAT,227,69.84408,88.09484,64.48319
n2em2,9065_WAT,228,69.75807,88.458725,64.440125
n2em2,9065_WAT,229,70.01761,88.08504,64.65861
n2em2,9065_WAT,230,69.68572,88.02893,64.75731
n2em2,9065_WAT,231,69.42256,88.15921,64.5964
n2em2,9065_WAT,233,69.74099,88.03674,64.76702
n2em2,9065_WAT,234,69.465164,87.91508,64.59633
n2em2,9065_WAT,236,69.59927,88.31199,64.62775
n2em2,9065_WAT,237,69.94321,88.563774,64.026215
n2em2,9065_WAT,238,69.92148,88.29012,64.94955
n2em2,9065_WAT,239,69.89117,88.12361,64.55889
n2em2,9065_WAT,240,69.75462,88.374,64.343834
n2em2,9065_WAT,241,69.716255,88.24482,64.58929
n2em2,9065_WAT,242,69.64685,88.104485,64.6255
n2em2,9065_WAT,243,69.8843,88.23698,64.08987
n2em2,9065_WAT,244,69.72638,88.39347,64.37194
n2em2,9065_WAT,246,69.316696,88.230804,64.3369
n2em2,9065_WAT,247,69.86376,88.29702,64.404335
n2em2,9065_WAT,248,69.80601,88.46609,64.7365
n2em2,9065_WAT,249,69.5757,88.42728,64.39544
n2em2,9065_WAT,250,69.97487,88.30616,64.93203
n2em2,9065_WAT,251,69.636505,88.30845,64.38147
n2em2,9065_WAT,252,69.54215,88.10885,64.69141
n2em2,9065_WAT,253,69.81544,88.43693,64.7644
n2em2,9065_WAT,254,69.744286,88.33352,64.59006
n2em2,9065_WAT,255,69.63202,88.1397,64.95142
n2em2,9065_WAT,256,69.6365,88.433044,64.47196
n2em2,9065_WAT,257,69.645096,88.24916,64.32469
n2em2,9065_WAT,258,69.86349,88.07717,64.68272
n2em2,9065_WAT,259,69.700226,88.08361,64.76442
n2em2,9065_WAT,260,69.82834,88.486206,64.636894
n2em2,9065_WAT,261,69.3905,87.878006,64.440544
n2em2,9065_WAT,262,69.79025,88.11294,64.58912
n2em2,9065_WAT,263,69.82509,88.294586,64.92227
n2em2,9065_WAT,265,69.69492,88.23271,64.68922
n2em2,9065_WAT,266,69.766655,88.214615,64.76303
n2em2,9065_WAT,267,69.580986,88.217384,64.78205
n2em2,9065_WAT,268,69.75633,88.673416,64.49248
n2em2,9065_WAT,269,69.53905,88.30422,64.52111
n2em2,9065_WAT,270,69.94521,87.989845,64.86817
n2em2,9065_WAT,272,69.41883,88.21869,64.44364
n2em2,9065_WAT,274,69.96527,88.164024,64.78942
n2em2,9065_WAT,275,69.67314,87.995125,64.60676
n2em2,9065_WAT,276,69.74313,88.48223,64.37005
n2em2,9065_WAT,277,69.28121,88.275734,64.50161
n2em2,9065_WAT,278,69.50404,88.53065,64.5024
n2em2,9065_WAT,279,69.83345,88.53072,64.16237
n2em2,9065_WAT,280,70.02584,88.05779,64.63354
n2em2,9065_WAT,281,69.78377,88.30438,64.41799
n2em2,9065_WAT,283,69.82598,88.16632,64.852646
n2em2,9065_WAT,284,69.81749,88.446754,64.50765
n2em2,9065_WAT,285,69.74773,88.66493,64.4285
n2em2,9065_WAT,286,69.68393,88.83998,64.375175
n2em2,9065_WAT,287,69.515976,88.35646,64.31695
n2em2,9065_WAT,288,69.774994,88.49085,64.63073
n2em2,9065_WAT,289,69.49577,88.13054,64.41526
n2em2,9065_WAT,290,69.50874,88.422516,64.30597
n2em2,9065_WAT,292,69.995255,88.5141,64.4119
n2em2,9065_WAT,293,69.966225,88.38971,64.69426
n2em2,9065_WAT,294,69.684685,88.39605,64.666245
n2em2,9065_WAT,295,69.599785,88.2246,64.33513
n2em2,9065_WAT,296,69.819466,88.488434,64.42796
n2em2,9065_WAT,297,69.64088,88.22424,64.5776
n2em2,9065_WAT,298,69.7915,88.41032,64.59811
n2em2,9065_WAT,299,69.82464,88.60444,64.367714
n2em2,9065_WAT,300,69.750015,88.31697,64.34795
n2em2,9065_WAT,301,69.881836,88.08993,64.69111
n2em2,9065_WAT,302,69.849144,88.24009,64.83936
n2em2,9065_WAT,303,69.57662,88.083725,64.31986
n2em2,9065_WAT,304,69.65195,88.13722,64.61242
n2em2,9065_WAT,305,70.0305,88.36484,64.85131
n2em2,9065_WAT,308,69.76988,88.08778,64.66359
n2em2,9065_WAT,309,69.67201,88.14081,64.71604
n2em2,9065_WAT,310,69.68918,88.09485,64.81473
n2em2,9065_WAT,311,69.866905,88.06413,64.55553
n2em2,9065_WAT,312,69.72644,87.954636,64.830505
n2em2,9065_WAT,313,69.961,88.15327,64.8264
n2em2,9065_WAT,314,69.515656,87.970894,64.91964
n2em2,9065_WAT,315,69.51686,87.89544,64.61574
n2em2,9065_WAT,316,69.76837,88.04173,64.682556
n2em2,9065_WAT,317,69.9437,88.175545,64.74296
n2em2,9065_WAT,318,70.160866,88.18714,64.91672
n2em2,9065_WAT,319,69.59344,88.22975,64.744316
n2em2,9065_WAT,321,69.73195,88.37589,64.40684
n2em2,9065_WAT,322,69.802155,88.45502,65.0652
n2em2,9065_WAT,323,69.65408,88.47028,64.41705
n2em2,9065_WAT,325,69.7791,88.15895,64.576065
n2em2,9065_WAT,326,70.01218,88.32507,64.78467
n2em2,9065_WAT,327,69.54977,88.30965,64.75568
n2em2,9065_WAT,328,69.640915,87.93702,64.92458
n2em2,9065_WAT,331,69.69457,88.297646,64.47173
n2em2,9065_WAT,333,69.84811,88.55054,64.71735
n2em2,9065_WAT,334,69.93837,88.08653,65.004524
n2em2,9065_WAT,337,69.815216,88.06314,64.693146
n2em2,9065_WAT,339,69.63801,88.2347,64.65273
n2em2,9065_WAT,341,69.59863,88.38552,64.48666
n2em2,9065_WAT,344,69.53358,88.01719,64.68854
n2em2,9065_WAT,345,69.48632,88.04305,64.76528
n2em2,9065_WAT,346,69.549255,88.09802,64.6732
n2em2,9065_WAT,347,69.952675,88.420456,64.76805
n2em2,9065_WAT,348,69.32794,88.01948,64.496445
n2em2,9065_WAT,349,69.45673,88.02469,64.56462
n2em2,9065_WAT,350,69.761604,88.21155,64.519936
n2em2,9065_WAT,351,69.28557,88.04383,64.80286
n2em2,9065_WAT,352,69.58591,88.32388,64.46982
n2em2,9065_WAT,353,69.848785,88.324326,64.543625
n2em2,9065_WAT,354,69.87924,88.12367,64.49345
n2em2,9065_WAT,355,69.76554,88.35091,64.238846
n2em2,9065_WAT,356,69.71348,88.423164,64.55514
n2em2,9065_WAT,357,69.65262,88.28634,64.45202
n2em2,9065_WAT,359,69.5734,88.40926,64.749344
n2em2,9065_WAT,360,69.690544,88.36124,64.42936
n2em2,9065_WAT,362,69.72437,88.51177,64.60764
n2em2,9065_WAT,363,69.78811,88.20251,64.364624
n2em2,9065_WAT,364,69.31052,88.048584,64.16491
n2em2,9065_WAT,371,69.83207,88.01082,64.892586
n2em2,9065_WAT,379,69.72507,88.245834,64.43926
n2em2,9065_WAT,383,69.952126,88.38813,64.54497
n2em2,9065_WAT,384,69.44704,88.14251,64.6688
n2em2,9065_WAT,385,69.36875,88.074524,64.38075
n2em2,9065_WAT,386,69.70203,88.289154,64.68244
n2em2,9065_WAT,387,69.5938,88.19016,64.43317
n2em2,9065_WAT,388,69.514534,88.31197,64.33906
n2em2,9065_WAT,389,69.43215,88.37953,64.333565
n2em2,9065_WAT,391,69.63027,88.26031,64.69066
n2em2,9065_WAT,392,69.6551,88.40175,64.92381
n2em2,9065_WAT,394,69.6775,88.22682,64.71667
n2em2,9065_WAT,395,69.652985,88.196014,64.56155
n2em2,9065_WAT,396,69.63437,88.33801,64.57992
n2em2,9065_WAT,397,69.59938,88.28143,64.63299
n2em2,9065_WAT,398,69.67827,88.67346,64.289314
n2em2,9065_WAT,399,69.568726,88.60746,64.257355
n2em2,9065_WAT,335,69.53191,88.500565,64.394226
n2em2,9065_WAT,336,69.715164,88.1864,64.542534
n2em2,9065_WAT,338,69.53287,88.0981,64.295685
n2em2,9065_WAT,340,69.42268,88.42337,64.350204
n2em2,9065_WAT,342,69.27823,88.44487,64.21017
n2em2,9065_WAT,343,69.39179,88.17168,64.72388
n2em2,9065_WAT,365,69.34898,88.297386,64.50456
n2em2,9065_WAT,367,69.40209,88.53903,64.40241
n2em2,9065_WAT,368,69.41672,88.24614,64.196144
n2em2,9065_WAT,369,69.23509,88.33304,64.06262
n2em2,9065_WAT,370,69.272064,88.0788,64.31112
n2em2,9065_WAT,372,69.44235,88.035675,64.25916
n2em2,9065_WAT,373,69.32103,88.14854,64.45985
n2em2,9065_WAT,374,69.37241,88.27011,64.46912
n2em2,9065_WAT,375,69.51994,88.44532,64.444305
n2em2,9065_WAT,376,69.593094,88.408554,64.258766
n2em2,9065_WAT,377,69.24971,88.11867,64.41918
n2em2,9065_WAT,378,69.350136,88.09225,64.22621
n2em2,9065_WAT,380,69.505394,88.20788,64.5617
n2em2,9065_WAT,381,69.415695,88.38059,64.60276
n2em2,9065_WAT,11,70.7687,88.68156,64.48282
n2em2,9065_WAT,13,70.93251,88.57243,64.1455
n2em2,9065_WAT,14,70.913086,88.356514,64.80205
n2em2,9065_WAT,15,70.93638,88.34685,64.414085
n2em2,9065_WAT,16,70.4411,88.63649,64.62685
n2em2,9065_WAT,17,70.71463,88.574394,64.50527
n2em2,9065_WAT,18,70.91946,88.28258,64.58317
n2em2,9065_WAT,19,70.9201,88.16392,64.840576
n2em2,9065_WAT,20,71.07376,88.449005,64.57646
n2em2,9065_WAT,23,70.75566,88.27515,64.57346
n2em2,9065_WAT,27,70.952156,88.56866,64.56244
n2em2,9065_WAT,28,70.99963,88.587326,64.263245
n2em2,9065_WAT,32,70.65412,88.37541,64.57216
n2em2,9065_WAT,34,71.17279,88.49565,64.71485
n2em2,9065_WAT,35,70.96936,88.66023,64.379845
n2em2,9065_WAT,37,70.59142,88.40219,64.62228
n2em2,9065_WAT,39,70.521065,88.72061,64.29617
n2em2,9065_WAT,42,70.84024,88.771065,64.493484
n2em2,9065_WAT,43,71.03511,88.46232,64.88075
n2em2,9065_WAT,44,70.65074,88.47635,64.69026
n2em2,9065_WAT,47,71.00212,88.93983,64.07964
n2em2,9065_WAT,48,70.48573,88.48934,64.6746
n2em2,9065_WAT,49,70.51183,88.64362,64.165665
n2em2,9065_WAT,50,70.74831,88.70402,64.22252
n2em2,9065_WAT,52,70.54929,88.57992,64.43345
n2em2,9065_WAT,53,70.64573,88.43339,64.87205
n2em2,9065_WAT,57,70.86733,88.506874,64.97373
n2em2,9065_WAT,0,70.45961,88.62299,64.43264
n2em2,9065_WAT,1,70.51013,88.93512,64.33933
n2em2,9065_WAT,2,70.593765,88.36349,64.3936
n2em2,9065_WAT,3,70.61402,88.540016,63.971848
n2em2,9065_WAT,4,70.69495,88.68436,64.419525
n2em2,9065_WAT,5,70.4125,88.35605,64.31997
n2em2,9065_WAT,6,70.42582,88.31111,64.10236
n2em2,9065_WAT,7,70.92442,88.756035,64.21201
n2em2,9065_WAT,9,70.39537,88.23462,64.89528
n2em2,9065_WAT,60,70.15084,87.42447,65.897064
n2em2,9065_WAT,73,70.210434,88.22203,65.24917
n2em2,9065_WAT,75,70.12292,88.14893,65.30184
n2em2,9065_WAT,77,70.09149,87.86515,65.47565
n2em2,9065_WAT,78,70.11576,87.86275,65.31275
n2em2,9065_WAT,89,70.79165,87.81953,65.622795
n2em2,9065_WAT,92,69.96937,87.717964,65.49786
n2em2,9065_WAT,104,69.86733,87.613785,65.639984
n2em2,9065_WAT,106,70.12714,87.77232,65.75412
n2em2,9065_WAT,114,70.24847,88.0412,65.38329
n2em2,9065_WAT,127,70.31764,88.05978,64.92921
n2em2,9065_WAT,138,70.11619,88.38925,64.83157
n2em2,9065_WAT,144,69.96799,88.305275,64.70694
n2em2,9065_WAT,158,69.52403,88.26826,64.86693
n2em2,9065_WAT,175,69.82914,88.415955,65.156235
n2em2,9065_WAT,204,69.83309,88.30646,64.98834
n2em2,9065_WAT,217,69.81349,88.25533,65.06355
n2em2,9065_WAT,220,69.79788,88.38788,64.69642
n2em2,9065_WAT,232,69.79544,88.50008,64.798195
n2em2,9065_WAT,264,69.581474,88.35533,64.60438
n2em2,9065_WAT,271,70.09286,88.451866,65.09954
n2em2,9065_WAT,273,69.99457,88.43888,65.00711
n2em2,9065_WAT,307,69.966064,88.361916,64.87729
n2em2,9065_WAT,330,70.12343,88.51707,64.78103
n2em2,9065_WAT,361,70.14779,88.27068,64.80597
n2em2,9065_WAT,390,69.56255,88.32586,64.89628
n2em2,9065_WAT,393,69.711555,88.19961,64.88536
n2em2,9065_WAT,10,70.92948,88.77087,64.414856
n2em2,9065_WAT,12,70.57567,88.6059,64.65481
n2em2,9065_WAT,21,70.85182,88.77259,64.63077
n2em2,9065_WAT,25,71.13776,88.56935,64.63633
n2em2,9065_WAT,29,71.013176,88.87674,64.555626
n2em2,9065_WAT,30,71.018,88.707985,64.436035
n2em2,9065_WAT,33,70.911835,88.599884,64.615974
n2em2,9065_WAT,36,70.78137,88.69115,64.6585
n2em2,9065_WAT,38,70.790726,88.76305,64.7414
n2em2,9065_WAT,41,70.869484,88.80956,64.808876
n2em2,9065_WAT,45,70.65417,88.46574,64.91591
n2em2,9065_WAT,51,70.3582,88.57677,64.728424
n2em2,9065_WAT,55,70.805305,88.64808,64.94357
n2em2,9620_WAT,199,60.464867,87.3696,50.247013
n2em2,9620_WAT,201,60.26201,86.87105,50.04127
n2em2,9620_WAT,203,60.943592,86.6347,49.522648
n2em2,9620_WAT,204,60.563393,86.56612,49.50289
n2em2,9620_WAT,205,60.530987,87.00445,50.08526
n2em2,9620_WAT,206,60.320057,86.656715,50.18141
n2em2,9620_WAT,207,60.309223,86.9585,50.147568
n2em2,9620_WAT,208,60.505543,87.28289,50.26779
n2em2,9620_WAT,209,59.97268,87.1336,50.381496
n2em2,9620_WAT,210,59.968067,87.22759,50.74565
n2em2,9620_WAT,216,60.60565,87.31074,50.13589
n2em2,9620_WAT,218,60.426964,87.134995,50.09972
n2em2,9620_WAT,220,60.33595,87.017654,50.126263
n2em2,9620_WAT,221,60.30979,87.0191,50.140594
n2em2,9620_WAT,222,60.484943,87.403625,50.05964
n2em2,9620_WAT,224,60.67746,87.09001,50.05728
n2em2,9620_WAT,225,60.49246,86.88541,49.796936
n2em2,9620_WAT,226,60.54368,86.9876,49.99849
n2em2,9620_WAT,228,60.46658,86.38565,49.936405
n2em2,9620_WAT,252,50.5736,108.483894,68.04841
n2em2,9620_WAT,253,50.770554,108.67593,67.46679
n2em2,9620_WAT,255,51.324844,108.26994,67.62158
n2em2,9620_WAT,256,51.08928,108.71931,67.09412
n2em2,9620_WAT,258,50.380043,108.30919,67.91433
n2em2,9620_WAT,259,50.80512,108.83533,67.553566
n2em2,9620_WAT,260,50.564617,108.07727,67.458885
n2em2,9620_WAT,261,50.41063,107.80638,67.80031
n2em2,9620_WAT,262,50.79839,107.70794,68.0677
n2em2,9620_WAT,264,51.138058,107.971825,67.65371
n2em2,9620_WAT,265,50.402157,108.03784,67.65836
n2em2,9647_WAT,283,72.71099,101.58615,33.022858
n2em2,9647_WAT,284,72.69416,101.3872,33.12
n2em2,9647_WAT,285,72.41968,101.48279,33.373627
n2em2,9647_WAT,287,72.37358,101.76114,33.10883
n2em2,9647_WAT,288,72.76456,101.13504,32.95627
n2em2,9647_WAT,289,72.52954,101.9466,32.967266
n2em2,9647_WAT,290,72.7479,101.359634,33.05052
n2em2,9647_WAT,293,73.024475,100.83312,33.144016
n2em2,9647_WAT,294,72.81915,101.01662,32.786552
n2em2,9647_WAT,295,72.91566,101.42107,32.835556
n2em2,9647_WAT,296,72.9188,101.57277,32.87842
n2em2,9647_WAT,297,72.60358,101.197426,32.885777
n2em2,9647_WAT,298,72.60722,100.9744,32.894646
n2em2,9647_WAT,301,72.31385,101.538185,33.13072
n2em2,9647_WAT,306,72.92122,101.22083,33.360527
n2em2,9647_WAT,307,73.088936,101.46679,33.22185
n2em2,9647_WAT,310,72.80034,101.73302,32.898647
n2em2,9647_WAT,311,72.90415,100.87396,32.85299
n2em2,9647_WAT,313,72.71125,101.46265,33.34574
n2em2,9647_WAT,314,72.89379,101.25177,33.0142
n2em2,9647_WAT,315,72.65529,101.42953,33.349236
n2em2,9647_WAT,316,72.55306,101.4059,32.936123
n2em2,9647_WAT,317,72.78196,101.23013,33.0876
n2em2,9647_WAT,319,72.84912,101.13724,32.78685
n2em2,9647_WAT,320,72.51691,101.92145,32.99141
n2em2,9886_WAT,121,44.738598,114.87198,67.35477
n2em2,9886_WAT,122,45.29677,113.96076,67.800415
n2em2,9886_WAT,123,44.95401,113.809166,67.91431
n2em2,9886_WAT,124,45.51206,114.747856,67.54023
n2em2,9886_WAT,125,44.811283,114.78831,67.343735
n2em2,9886_WAT,126,44.94844,114.6684,68.10792
n2em2,9886_WAT,127,44.99013,113.948975,68.66233
n2em2,9886_WAT,128,45.487103,113.58605,68.63082
n2em2,9886_WAT,129,45.379715,113.87791,68.22398
n2em2,9886_WAT,130,45.40999,114.10406,68.27651
n2em2,9886_WAT,131,45.50413,114.29002,68.56332
n2em2,9886_WAT,133,45.371452,114.26782,67.54231
n2em2,9886_WAT,134,45.338554,113.97282,68.438675
n2em2,9886_WAT,135,45.321514,114.44392,68.12189
n2em2,9886_WAT,136,45.148663,113.958496,68.17843
n2em2,9886_WAT,137,45.575184,114.121506,67.78412
n2em2,9886_WAT,138,45.533928,114.58374,68.07157
n2em2,9886_WAT,140,44.16999,113.53738,68.15809
n2em2,9886_WAT,141,45.04322,114.05472,68.48303
n2em2,9886_WAT,142,44.701763,114.965515,67.964066
n2em2,9886_WAT,143,45.17835,113.72218,68.267746
n2em2,9886_WAT,145,44.62361,114.6196,67.96898
n2em2,9994_WAT,121,61.794678,93.65579,53.29662
n2em2,9994_WAT,122,62.420185,94.26279,53.21993
n2em2,9994_WAT,123,61.72334,92.81891,52.93958
n2em2,9994_WAT,124,61.64163,93.065475,52.87943
n2em2,9994_WAT,125,61.703182,93.920456,52.89534
n2em2,9994_WAT,126,61.843384,93.70578,53.272755
n2em2,9994_WAT,127,61.820732,93.27532,52.64274
n2em2,9994_WAT,128,61.83653,93.95812,52.98451
n2em2,9994_WAT,129,61.491226,93.253296,53.184185
n2em2,9994_WAT,130,61.632732,93.0036,53.3443
n2em2,9994_WAT,131,61.734898,93.39545,52.923748
n2em2,9994_WAT,133,61.826733,93.92164,53.03331
n2em2,9994_WAT,134,61.846043,93.12545,53.190834
n2em2,9994_WAT,135,61.827744,93.68759,53.490646
n2em2,9994_WAT,136,61.9133,91.90547,52.64326
n2em2,9994_WAT,137,61.77956,93.78526,52.986256
n2em2,9998_WAT,57,68.5503,94.98698,33.851654
n2em2,9998_WAT,58,68.75818,95.85004,33.45161
n2em2,9998_WAT,59,68.351265,95.67888,34.053318
n2em2,9998_WAT,60,68.42629,95.12229,33.284992
n2em2,9998_WAT,62,68.21867,95.4864,33.799923
n2em2,9998_WAT,63,68.70317,95.60387,33.803875
n2em2,9998_WAT,64,68.34532,95.306046,34.66098
n2em2,9998_WAT,65,69.213104,95.471954,34.841755
n2em2,9998_WAT,67,68.58329,95.76401,34.168198
n2em2,9998_WAT,68,68.75883,95.785736,34.27245
n2em2,9998_WAT,69,68.57309,95.49049,34.61872
n2em2,9998_WAT,70,69.284546,95.674416,34.61388
n2em3,10116_WAT,1,63.80651,89.40591,32.108665
n2em3,10116_WAT,2,64.43735,92.808754,31.854578
n2em3,10116_WAT,3,63.96114,89.44966,31.99129
n2em3,10116_WAT,4,64.53924,92.54386,32.42935
n2em3,10116_WAT,5,64.10651,92.98965,31.809103
n2em3,10116_WAT,6,64.047516,89.65209,32.365494
n2em3,10116_WAT,7,63.99375,91.392586,32.433178
n2em3,10116_WAT,8,64.26786,92.98828,32.108944
n2em3,10116_WAT,10,63.6083,89.6186,31.973974
n2em3,10116_WAT,12,63.53817,89.86423,31.471651
n2em3,10116_WAT,14,63.514008,90.402,31.699038
n2em3,10116_WAT,15,64.08307,89.55563,32.452435
n2em3,10391_WAT,173,74.624054,85.43369,67.392395
n2em3,10391_WAT,174,74.43788,86.09842,67.74886
n2em3,10391_WAT,176,74.53117,85.39539,68.07164
n2em3,10391_WAT,177,74.196815,85.857635,67.61927
n2em3,10391_WAT,178,74.64937,85.80789,67.414314
n2em3,10391_WAT,179,74.971794,85.84386,67.765594
n2em3,10391_WAT,180,74.83303,85.24604,67.93225
n2em3,10391_WAT,182,70.54247,86.76928,67.30419
n2em3,10391_WAT,184,71.703606,87.52573,67.335266
n2em3,10391_WAT,185,71.43341,87.49756,67.93465
n2em3,10391_WAT,186,71.06478,87.23523,67.34751
n2em3,10467_WAT,22,61.29636,60.18443,52.07023
n2em3,10467_WAT,23,61.19973,58.87381,52.312366
n2em3,10467_WAT,24,61.38005,59.424088,52.769203
n2em3,10467_WAT,25,62.42198,62.31261,51.67874
n2em3,10467_WAT,26,63.061226,65.079155,54.89542
n2em3,10467_WAT,27,60.459423,60.51421,53.611027
n2em3,10467_WAT,28,59.672062,60.71897,55.21408
n2em3,10467_WAT,29,60.551174,60.723854,53.6758
n2em3,10467_WAT,30,60.843227,63.607864,55.687046
n2em3,10467_WAT,31,60.276806,60.817493,54.44847
n2em3,10467_WAT,32,60.643543,60.23495,54.51159
n2em3,10467_WAT,33,61.07619,62.561455,54.59596
n2em3,10467_WAT,34,61.288837,64.01662,54.662327
n2em3,10467_WAT,36,60.48482,60.900368,54.59196
n2em3,10467_WAT,37,60.891705,59.654453,53.89553
n2em3,10467_WAT,38,61.137024,60.79173,52.77854
n2em3,10467_WAT,40,64.297485,63.24603,53.44816
n2em3,10467_WAT,41,62.05935,62.91821,54.395557
n2em3,10467_WAT,42,61.290165,63.80227,55.880424
n2em3,10467_WAT,53,60.705486,63.461086,56.547287
n2em3,10467_WAT,58,60.21877,59.534042,56.54991
n2em3,10467_WAT,63,61.203075,60.689106,53.02542
n2em3,10467_WAT,64,60.936314,61.231915,53.40243
n2em3,10467_WAT,65,60.67359,62.910927,56.02741
n2em3,10467_WAT,66,60.97175,60.75441,53.72774
n2em3,10467_WAT,67,60.93833,62.025196,58.32217
n2em3,10467_WAT,69,64.302025,62.85412,52.934666
n2em3,10467_WAT,70,63.357307,64.95784,54.170868
n2em3,10467_WAT,71,62.237324,64.24118,52.82526
n2em3,10467_WAT,75,60.466805,59.64578,54.780483
n2em3,10467_WAT,77,60.85075,63.23051,56.090496
n2em3,10467_WAT,78,60.854084,61.485405,58.309628
n2em3,10467_WAT,79,61.15448,60.2388,57.884953
n2em3,10467_WAT,80,60.44593,60.589485,57.88223
n2em3,10467_WAT,81,60.539112,59.80476,55.621887
n2em3,10467_WAT,82,60.085533,60.313477,54.84725
n2em3,10467_WAT,83,59.82393,61.053535,56.832363
n2em3,10467_WAT,85,60.663006,59.2199,53.660698
n2em3,10467_WAT,106,60.704754,59.240425,55.709003
n2em3,10467_WAT,109,60.498245,60.923023,54.000393
n2em3,10467_WAT,110,60.32111,61.339344,54.256706
n2em3,10467_WAT,111,60.036182,59.522255,55.59307
n2em3,10467_WAT,112,60.50713,60.662155,53.897156
n2em3,10467_WAT,113,60.230972,61.351166,54.29702
n2em3,10467_WAT,115,60.724506,60.16176,53.53037
n2em3,10467_WAT,116,60.050232,60.13514,54.896687
n2em3,10467_WAT,119,62.59179,63.458473,52.01996
n2em3,10467_WAT,122,60.861652,63.436386,55.126476
n2em3,10467_WAT,123,61.665318,64.265015,55.838654
n2em3,10467_WAT,124,61.82833,64.39725,54.54124
n2em3,10467_WAT,130,60.499023,61.10072,54.162685
n2em3,10467_WAT,133,59.964867,60.65008,55.50531
n2em3,10467_WAT,136,60.202473,60.517456,53.972195
n2em3,10467_WAT,138,60.974594,60.355587,53.482376
n2em3,10467_WAT,139,60.63362,60.710384,53.74505
n2em3,10467_WAT,140,61.060658,61.45834,54.120205
n2em3,10467_WAT,141,59.606083,61.046978,55.360764
n2em3,10467_WAT,143,61.65266,60.11509,53.368042
n2em3,10467_WAT,145,61.708225,62.571186,52.09731
n2em3,10467_WAT,146,61.280487,63.298496,56.122208
n2em3,10467_WAT,147,61.18066,63.3075,54.664783
n2em3,10467_WAT,152,60.048553,59.16107,56.50282
n2em3,10467_WAT,154,60.58711,60.725975,53.980133
n2em3,10467_WAT,155,60.69184,59.93369,54.19821
n2em3,10467_WAT,156,60.844738,62.29993,57.06291
n2em3,10467_WAT,157,61.302002,64.61304,55.099163
n2em3,10467_WAT,158,63.014557,64.76804,54.927105
n2em3,10467_WAT,159,61.061108,63.632996,57.35828
n2em3,10467_WAT,160,60.712868,62.470566,57.511047
n2em3,10467_WAT,161,61.170216,63.76245,57.127205
n2em3,10467_WAT,163,61.400055,63.161728,57.80045
n2em3,10467_WAT,164,61.08927,63.240322,57.006138
n2em3,10467_WAT,166,62.233208,64.484505,54.332542
n2em3,10467_WAT,167,61.76355,64.24523,53.992268
n2em3,10467_WAT,168,61.173706,63.71446,57.66766
n2em3,10467_WAT,169,60.948742,61.679573,57.79764
n2em3,10467_WAT,173,60.661263,63.866116,56.637978
n2em3,10467_WAT,174,60.19998,63.207886,54.78016
n2em3,10467_WAT,175,61.999794,64.01853,54.251884
n2em3,10467_WAT,176,60.79038,59.006092,55.84909
n2em3,10467_WAT,177,60.705006,59.582424,54.764687
n2em3,10467_WAT,178,60.439095,59.993164,54.554287
n2em3,10467_WAT,179,61.277668,61.332165,53.554104
n2em3,10467_WAT,180,61.28094,63.640812,57.298645
n2em3,10467_WAT,182,61.01169,61.05872,58.772198
n2em3,10467_WAT,184,60.45212,60.47682,57.324387
n2em3,10467_WAT,185,61.233128,62.753456,57.512154
n2em3,10467_WAT,186,59.73922,61.662735,56.05016
n2em3,10467_WAT,188,60.75039,61.168823,53.48386
n2em3,10467_WAT,189,62.9264,62.70465,52.523613
n2em3,10467_WAT,190,62.549633,62.545963,53.10814
n2em3,10467_WAT,192,61.90566,64.3576,56.106674
n2em3,10467_WAT,193,61.308323,63.905277,55.234497
n2em3,10467_WAT,195,61.391335,64.059746,56.080345
n2em3,10467_WAT,196,61.007675,62.87014,55.93078
n2em3,10467_WAT,210,60.038723,60.503307,57.57076
n2em3,10467_WAT,221,60.397274,60.462234,57.079304
n2em3,10467_WAT,222,60.7778,62.44464,53.096115
n2em3,10467_WAT,224,61.010307,63.316696,54.395245
n2em3,10467_WAT,225,60.436626,62.567802,54.7071
n2em3,10467_WAT,226,60.957497,63.29287,54.374912
n2em3,10467_WAT,228,62.066128,64.170876,54.406704
n2em3,10467_WAT,229,60.617733,59.603886,55.158085
n2em3,10467_WAT,230,60.55515,61.628185,55.713776
n2em3,10467_WAT,231,60.65646,60.8192,58.085705
n2em3,10467_WAT,236,61.311054,62.117325,52.80693
n2em3,10467_WAT,238,63.086124,62.021606,52.450962
n2em3,10467_WAT,241,61.43573,63.41657,56.599957
n2em3,10467_WAT,267,63.770737,65.10619,52.859856
n2em3,10467_WAT,349,61.05759,60.983753,53.0286
n2em3,10467_WAT,350,61.121677,63.457733,53.468887
n2em3,10467_WAT,356,60.94481,59.69458,53.40325
n2em3,10467_WAT,358,60.253815,62.113487,56.121777
n2em3,10467_WAT,359,61.991924,59.92091,51.681747
n2em3,10467_WAT,373,60.412273,59.48985,54.994156
n2em3,10467_WAT,381,62.440926,63.196575,52.919994
n2em3,10467_WAT,382,62.25612,60.527084,51.426975
n2em3,10467_WAT,386,60.836597,57.88999,56.021038
n2em3,10467_WAT,388,60.41727,61.813656,56.222668
n2em3,10594_WAT,46,83.405716,60.688343,63.908733
n2em3,10594_WAT,47,83.62198,60.956482,64.053604
n2em3,10594_WAT,48,83.52637,60.682064,64.205055
n2em3,10594_WAT,49,83.48324,60.970196,63.995174
n2em3,10594_WAT,50,83.80444,60.735676,64.15865
n2em3,10594_WAT,52,83.658646,60.829594,63.90705
n2em3,10594_WAT,53,83.55371,60.716053,63.857464
n2em3,10594_WAT,54,83.784225,60.724724,64.16966
n2em3,10594_WAT,55,83.861046,60.633957,64.34105
n2em3,10594_WAT,75,84.16268,61.388958,64.19173
n2em3,10594_WAT,85,83.5429,60.415142,63.94731
n2em3,10594_WAT,110,84.21339,61.0755,64.12124
n2em3,10594_WAT,115,83.45395,60.712284,64.30138
n2em3,10594_WAT,116,83.9233,61.036922,63.985825
n2em3,10594_WAT,117,83.71952,61.149006,64.15871
n2em3,10594_WAT,119,83.904816,61.128765,63.83487
n2em3,10594_WAT,122,83.82951,61.387028,64.029274
n2em3,10594_WAT,123,83.99172,60.90283,63.97213
n2em3,10594_WAT,124,83.54274,60.44432,63.79842
n2em3,10594_WAT,193,83.83654,60.74302,64.09314
n2em3,10594_WAT,69,83.83114,61.1295,64.15972
n2em3,10594_WAT,70,83.96498,61.155556,63.684387
n2em3,10594_WAT,104,84.418274,61.29457,64.31601
n2em3,10594_WAT,106,84.41977,61.590023,64.16909
n2em3,10594_WAT,113,84.08969,61.494522,64.112656
n2em3,10594_WAT,114,84.06892,61.178528,63.93359
n2em3,10594_WAT,179,84.642204,61.55631,64.11408
n2em3,10594_WAT,182,83.90949,61.107048,64.122025
n2em3,10594_WAT,185,84.24829,61.427784,63.987076
n2em3,10594_WAT,186,84.09178,61.41277,63.937096
n2em3,10594_WAT,188,84.08518,61.102795,64.06138
n2em3,10594_WAT,189,84.001785,61.24454,64.09204
n2em3,10594_WAT,190,83.845345,61.20949,64.128235
n2em3,10594_WAT,192,84.13616,61.46108,63.856125
n2em3,10594_WAT,210,83.96946,61.315563,63.95641
n2em3,10594_WAT,386,84.51138,61.308784,63.98387
n2em3,10594_WAT,388,83.94047,61.35838,64.313255
n2em3,10594_WAT,13,84.34282,61.6289,64.063545
n2em3,10594_WAT,14,84.09661,61.01416,64.13309
n2em3,10594_WAT,15,84.27226,61.46527,64.10961
n2em3,10594_WAT,16,84.369286,61.752934,64.21857
n2em3,10594_WAT,17,84.07901,61.499958,64.05013
n2em3,10594_WAT,18,83.98782,61.69373,64.033424
n2em3,10594_WAT,19,84.17626,61.75572,64.197105
n2em3,10594_WAT,20,84.05676,61.496216,64.13138
n2em3,10594_WAT,21,84.11991,61.52038,64.12817
n2em3,10594_WAT,22,84.25573,61.116116,64.23602
n2em3,10594_WAT,23,83.85848,61.715343,64.291374
n2em3,10594_WAT,25,84.52153,61.695747,64.040665
n2em3,10594_WAT,26,84.23953,61.6855,64.06737
n2em3,10594_WAT,27,84.33,61.86688,64.230774
n2em3,10594_WAT,28,84.50899,62.23317,63.772583
n2em3,10594_WAT,29,84.020836,60.969753,64.27492
n2em3,10594_WAT,30,83.92987,61.444622,64.39022
n2em3,10594_WAT,31,84.48441,61.75798,63.955544
n2em3,10594_WAT,32,84.1158,61.77047,64.32802
n2em3,10594_WAT,33,84.225426,61.43127,64.22619
n2em3,10594_WAT,34,84.13186,60.86663,64.23073
n2em3,10594_WAT,36,84.463615,61.451805,64.13401
n2em3,10594_WAT,37,83.98475,61.45579,64.255554
n2em3,10594_WAT,38,84.26798,61.26197,64.17941
n2em3,10594_WAT,40,84.0005,61.001907,64.11279
n2em3,10594_WAT,41,84.38954,61.47148,64.057625
n2em3,10594_WAT,42,84.038185,61.60553,63.96384
n2em3,10594_WAT,58,84.0738,61.48013,64.37807
n2em3,10594_WAT,63,84.22338,61.387405,63.87964
n2em3,10594_WAT,64,83.99466,61.46736,64.25602
n2em3,10594_WAT,65,84.30162,61.366123,64.33654
n2em3,10594_WAT,66,84.16054,61.67418,64.22321
n2em3,10594_WAT,67,83.79396,61.40959,64.157326
n2em3,10594_WAT,71,84.3726,61.21449,64.2621
n2em3,10594_WAT,77,84.31657,61.647312,63.70532
n2em3,10594_WAT,78,84.32797,61.63182,63.957607
n2em3,10594_WAT,79,84.01239,61.28916,64.02438
n2em3,10594_WAT,80,84.36052,61.70837,64.34379
n2em3,10594_WAT,82,83.702705,60.959637,64.46531
n2em3,10594_WAT,83,84.15372,61.349304,64.281075
n2em3,10594_WAT,109,84.14402,61.032627,64.11724
n2em3,10594_WAT,111,84.10476,61.55342,63.973965
n2em3,10594_WAT,112,84.08153,61.64273,63.86947
n2em3,10594_WAT,130,84.199,61.55081,64.02068
n2em3,10594_WAT,131,83.6752,60.75439,64.17828
n2em3,10594_WAT,133,84.116875,61.386585,64.17738
n2em3,10594_WAT,136,84.48529,61.73449,64.044655
n2em3,10594_WAT,138,84.547775,62.006046,63.96716
n2em3,10594_WAT,139,84.24875,61.49721,64.159004
n2em3,10594_WAT,140,84.25903,61.96404,64.343796
n2em3,10594_WAT,143,84.32609,61.454502,63.967106
n2em3,10594_WAT,145,83.94451,61.777596,64.220375
n2em3,10594_WAT,146,84.350426,61.533848,64.018715
n2em3,10594_WAT,147,83.81112,61.13886,64.170845
n2em3,10594_WAT,148,84.097595,61.821274,64.37005
n2em3,10594_WAT,152,84.20683,61.338184,64.38214
n2em3,10594_WAT,154,84.27185,61.695965,64.28506
n2em3,10594_WAT,155,84.23038,61.390945,64.17765
n2em3,10594_WAT,156,83.964455,61.35621,64.34438
n2em3,10594_WAT,157,84.17598,61.563988,64.2252
n2em3,10594_WAT,158,84.233406,61.27537,64.04548
n2em3,10594_WAT,159,84.1884,61.373783,64.026085
n2em3,10594_WAT,160,84.00833,61.182278,64.08774
n2em3,10594_WAT,161,84.06003,61.319393,64.31528
n2em3,10594_WAT,163,84.28995,61.23049,64.34846
n2em3,10594_WAT,164,83.908745,61.501514,64.270164
n2em3,10594_WAT,168,83.98489,61.177303,64.27247
n2em3,10594_WAT,169,83.95205,61.246044,64.002205
n2em3,10594_WAT,173,84.2915,61.511326,63.832222
n2em3,10594_WAT,174,84.00673,61.559933,63.912376
n2em3,10594_WAT,175,84.25354,61.442608,64.310524
n2em3,10594_WAT,176,84.11234,61.07419,63.98657
n2em3,10594_WAT,177,84.490524,61.591133,64.06784
n2em3,10594_WAT,178,84.120735,61.32528,64.24875
n2em3,10594_WAT,180,84.49428,61.69618,64.13517
n2em3,10594_WAT,184,84.30808,61.37655,64.038605
n2em3,10594_WAT,195,84.4781,62.055355,64.03394
n2em3,10594_WAT,196,83.998604,61.393375,64.169846
n2em3,10594_WAT,221,84.16765,61.312016,63.64619
n2em3,10594_WAT,224,84.28812,61.399353,64.0521
n2em3,10594_WAT,225,84.239655,61.024586,64.03952
n2em3,10594_WAT,226,83.710266,60.969814,64.34022
n2em3,10594_WAT,228,83.78948,61.230186,64.09637
n2em3,10594_WAT,229,84.214676,61.313377,64.335304
n2em3,10594_WAT,230,84.21541,61.775436,64.20154
n2em3,10594_WAT,231,84.1229,60.847668,64.1651
n2em3,10594_WAT,236,84.09401,61.331028,64.27865
n2em3,10594_WAT,238,84.308014,61.190327,64.49192
n2em3,10594_WAT,241,83.81278,61.062305,64.281235
n2em3,10594_WAT,242,84.10959,61.444424,64.44276
n2em3,10594_WAT,267,84.34164,61.66429,64.41039
n2em3,10594_WAT,350,84.05536,61.17693,64.111595
n2em3,10594_WAT,356,84.109436,61.33299,64.020935
n2em3,10594_WAT,358,84.48004,61.910503,64.1025
n2em3,10594_WAT,359,84.32705,61.89237,64.193726
n2em3,10594_WAT,373,84.00471,61.698864,63.863876
n2em3,10594_WAT,381,83.98973,61.230846,63.986115
n2em3,10594_WAT,382,84.322464,61.540985,64.01756
n2em3,10594_WAT,383,84.104614,61.63897,64.00738
n2em3,10757_WAT,33,70.08023,95.65874,38.73858
n2em3,10757_WAT,34,69.61191,96.643,37.968964
n2em3,10757_WAT,36,69.952354,96.547226,38.765457
n2em3,10757_WAT,37,70.632164,96.015976,38.627556
n2em3,10757_WAT,38,70.41608,96.08201,38.59589
n2em3,10757_WAT,39,70.544945,96.29878,38.6456
n2em3,10757_WAT,40,70.35915,96.11303,38.527428
n2em3,10757_WAT,41,71.07836,96.6161,38.11355
n2em3,10757_WAT,42,69.163574,92.78341,39.81517
n2em3,10757_WAT,46,68.75145,91.99212,39.404327
n2em3,10757_WAT,47,68.77909,91.7826,39.219753
n2em3,10757_WAT,48,68.17125,91.77628,40.246857
n2em3,10757_WAT,49,68.43261,91.52811,39.569492
n2em3,10864_WAT,58,69.48503,90.331566,71.22726
n2em3,10864_WAT,63,68.96549,90.56455,72.12252
n2em3,10864_WAT,64,69.02378,89.819435,71.58467
n2em3,10864_WAT,65,69.561905,90.656075,71.43029
n2em3,10864_WAT,66,69.23257,90.64808,71.51354
n2em3,10864_WAT,67,69.212746,90.3632,71.60116
n2em3,10864_WAT,69,69.168724,90.25912,72.16883
n2em3,10864_WAT,70,68.94246,90.494835,71.78554
n2em3,10864_WAT,71,69.24914,90.41832,71.83142
n2em3,10864_WAT,75,69.04519,90.089035,71.44541
n2em3,10864_WAT,77,69.351616,89.28394,71.41742
n2em3,10864_WAT,78,69.013,90.30781,71.58329
n2em3,10864_WAT,79,69.19433,90.09596,71.960785
n2em3,10864_WAT,80,69.17579,90.47429,71.55526
n2em3,10864_WAT,81,68.96713,90.31709,71.172966
n2em3,10864_WAT,82,69.26254,89.97857,71.13117
n2em3,10864_WAT,83,69.200615,90.95242,72.46855
n2em3,10864_WAT,85,69.11051,90.94655,71.34214
n2em3,11082_WAT,46,75.4124,84.95401,67.61224
n2em3,11082_WAT,47,74.56107,85.39553,67.85377
n2em3,11082_WAT,48,74.98774,84.645996,67.96916
n2em3,11082_WAT,49,74.82009,84.84129,67.51781
n2em3,11082_WAT,50,75.426796,84.817924,67.6822
n2em3,11082_WAT,52,74.29251,85.075516,68.01668
n2em3,11082_WAT,53,74.04682,85.13372,68.046616
n2em3,11082_WAT,54,74.79801,85.31275,67.694786
n2em3,11082_WAT,55,74.3838,85.24485,67.727715
n2em3,11082_WAT,58,74.306526,84.70224,67.55359
n2em3,11082_WAT,63,74.62978,85.06225,67.96462
n2em3,11082_WAT,64,75.10152,84.43735,67.66436
n2em3,11082_WAT,65,74.157684,85.32119,68.06404
n2em3,11082_WAT,66,74.84652,85.48833,67.8569
n2em3,11082_WAT,67,74.77345,84.83032,67.754005
n2em3,11082_WAT,69,74.96371,85.14342,67.52536
n2em3,11082_WAT,70,74.93319,84.67672,67.44388
n2em3,11082_WAT,71,74.987885,84.98697,67.34111
n2em3,11082_WAT,75,74.82047,85.39007,67.5051
n2em3,11082_WAT,77,75.36053,84.75582,67.65488
n2em3,11082_WAT,78,74.99081,85.20134,67.60094
n2em3,11082_WAT,79,75.49608,84.4102,67.341644
n2em3,11082_WAT,80,74.99791,84.556114,67.89438
n2em3,11082_WAT,81,75.10091,84.8807,67.971436
n2em3,11082_WAT,82,75.10441,85.348305,67.35268
n2em3,11082_WAT,83,75.70803,85.23138,67.37649
n2em3,11082_WAT,85,75.39048,85.21462,67.39285
n2em3,11112_WAT,109,74.728004,71.552704,106.798164
n2em3,11112_WAT,110,74.65371,71.100044,107.17192
n2em3,11112_WAT,111,74.78698,71.107864,107.07235
n2em3,11112_WAT,112,74.9308,71.006195,107.36233
n2em3,11112_WAT,113,74.51408,71.184296,107.21932
n2em3,11112_WAT,114,74.71724,71.25763,106.90722
n2em3,11112_WAT,115,75.34529,71.34226,107.15448
n2em3,11112_WAT,116,74.75109,71.01104,107.38188
n2em3,11112_WAT,117,74.76383,71.29108,106.833565
n2em3,11112_WAT,119,76.26498,72.33173,108.35119
n2em3,11112_WAT,122,74.844795,70.73829,107.243484
n2em3,11112_WAT,123,74.53557,71.38891,107.157936
n2em3,11112_WAT,124,74.73643,71.38484,107.33059
n2em3,11112_WAT,130,74.22929,71.56667,107.95107
n2em3,11112_WAT,131,75.00158,71.86101,107.36353
n2em3,11112_WAT,133,74.75664,71.3124,107.376236
n2em3,11112_WAT,136,74.68364,71.064804,107.18999
n2em3,11112_WAT,138,74.54481,71.23605,106.79339
n2em3,11112_WAT,139,74.36818,71.25276,107.20679
n2em3,11112_WAT,140,74.73709,70.85557,107.00729
n2em3,11112_WAT,141,74.785614,71.33085,106.86232
n2em3,11112_WAT,143,74.559364,71.077805,106.81016
n2em3,11112_WAT,144,74.30627,71.8887,107.663956
n2em3,11112_WAT,145,74.581696,71.473045,108.03585
n2em3,1128_WAT,9,56.587788,114.08729,32.770565
n2em3,1128_WAT,10,54.857788,114.19487,33.329082
n2em3,1128_WAT,11,55.525337,113.72978,32.960506
n2em3,1128_WAT,12,55.89417,113.784904,32.98361
n2em3,1128_WAT,14,56.455116,113.583084,33.26802
n2em3,1128_WAT,16,55.64091,113.91059,33.645428
n2em3,1128_WAT,18,56.04588,114.070206,32.718163
n2em3,1128_WAT,19,55.415607,114.06154,33.12012
n2em3,1128_WAT,20,55.375805,114.22147,33.197445
n2em3,1128_WAT,21,55.869083,114.107025,32.80342
n2em3,1128_WAT,22,55.918167,113.92996,32.79769
n2em3,1128_WAT,23,55.711273,114.318474,32.797756
n2em3,1128_WAT,25,55.56698,114.10347,33.04887
n2em3,1128_WAT,26,55.648415,113.60114,33.960285
n2em3,1128_WAT,27,55.935837,114.03424,32.801373
n2em3,1128_WAT,29,55.554867,114.073875,32.65342
n2em3,1128_WAT,30,55.789875,114.02409,33.011395
n2em3,1128_WAT,31,55.58109,113.859436,33.182613
n2em3,1128_WAT,32,55.719704,113.78083,33.193207
n2em3,1128_WAT,34,56.546486,113.754845,33.27184
n2em3,1128_WAT,36,56.49323,113.939545,33.137604
n2em3,1128_WAT,37,56.25097,113.42725,33.336998
n2em3,1128_WAT,38,56.201958,114.04182,32.903526
n2em3,1128_WAT,39,55.44001,113.58714,33.220737
n2em3,1128_WAT,40,56.23344,113.54077,33.47747
n2em3,1128_WAT,41,55.22487,113.5426,33.425682
n2em3,1128_WAT,42,55.898792,113.50154,33.29786
n2em3,1128_WAT,46,55.68664,113.47659,33.33755
n2em3,1128_WAT,47,55.840645,113.15562,33.080837
n2em3,1128_WAT,48,55.70959,113.35042,33.81384
n2em3,1128_WAT,49,55.44833,113.464096,33.994976
n2em3,1128_WAT,50,55.520313,113.39593,33.304222
n2em3,11712_WAT,104,87.278015,69.292755,103.48243
n2em3,11712_WAT,106,85.85704,69.48257,103.35212
n2em3,11712_WAT,109,85.9488,69.347946,103.12544
n2em3,11712_WAT,110,87.03575,69.341125,103.84074
n2em3,11712_WAT,117,86.92641,68.85914,102.92136
n2em3,11712_WAT,119,86.20249,69.24473,102.91911
n2em3,11712_WAT,122,85.42308,69.46553,103.9258
n2em3,11712_WAT,123,86.60549,68.919235,103.23216
n2em3,11712_WAT,124,86.63249,68.93519,103.37589
n2em3,11712_WAT,130,86.43327,69.00042,103.18266
n2em3,11712_WAT,131,86.40815,69.11396,102.98146
n2em3,11712_WAT,133,86.56371,68.9245,103.18543
n2em3,11712_WAT,136,86.51454,69.13961,103.34848
n2em3,11712_WAT,138,86.130135,69.27061,102.871925
n2em3,11712_WAT,167,86.0038,69.057846,103.48019
n2em3,11712_WAT,168,85.346375,69.10776,103.833115
n2em3,11712_WAT,169,85.1443,69.10996,103.78728
n2em3,11712_WAT,173,86.37071,69.10684,102.8127
n2em3,11712_WAT,174,84.89311,69.62407,103.771255
n2em3,11712_WAT,175,86.832306,68.28276,102.75029
n2em3,11712_WAT,176,86.36262,69.20912,102.83793
n2em3,11712_WAT,177,86.89365,68.768906,102.45079
n2em3,11712_WAT,178,87.53385,68.72525,102.84575
n2em3,11712_WAT,192,85.90331,69.63943,103.39487
n2em3,11712_WAT,193,86.048706,69.50144,103.22014
n2em3,11712_WAT,195,85.60433,69.70081,103.66948
n2em3,11712_WAT,196,85.32769,69.69377,103.305984
n2em3,11712_WAT,25,85.44424,69.54817,107.11566
n2em3,11712_WAT,26,85.2329,69.91507,107.72666
n2em3,11712_WAT,27,85.38721,69.623085,106.98919
n2em3,11712_WAT,29,85.30523,70.404274,107.57741
n2em3,11712_WAT,31,85.0224,70.32343,107.916115
n2em3,11712_WAT,32,85.13779,70.195885,107.66218
n2em3,11712_WAT,33,85.35312,70.18718,107.2942
n2em3,11712_WAT,34,85.36552,70.108376,107.54981
n2em3,11712_WAT,36,85.425,70.146355,107.34536
n2em3,11712_WAT,37,85.61602,70.51742,107.884865
n2em3,11712_WAT,39,85.2857,70.031555,107.75966
n2em3,11712_WAT,40,85.52566,69.92608,107.47678
n2em3,11712_WAT,41,85.1559,70.08931,107.19263
n2em3,11712_WAT,42,85.033806,70.062675,107.58176
n2em3,11712_WAT,46,85.22656,69.93113,107.18971
n2em3,11712_WAT,47,85.242096,69.96671,107.774475
n2em3,11712_WAT,48,84.96629,70.26526,108.070564
n2em3,11712_WAT,49,84.94464,70.365364,108.11055
n2em3,11712_WAT,50,85.35908,70.02669,107.587456
n2em3,11712_WAT,52,85.46343,69.66009,107.48185
n2em3,11712_WAT,53,85.6418,69.86019,107.64655
n2em3,11712_WAT,54,84.99552,69.2858,107.231285
n2em3,11712_WAT,58,85.25795,70.07968,106.819824
n2em3,11712_WAT,63,86.055115,70.96972,107.033325
n2em3,11712_WAT,0,86.43491,69.838,104.54942
n2em3,11712_WAT,1,86.27846,69.44099,104.76521
n2em3,11712_WAT,2,86.92157,69.65031,106.0198
n2em3,11712_WAT,3,86.48336,69.91149,106.5478
n2em3,11712_WAT,4,86.316826,68.97923,106.186195
n2em3,11712_WAT,5,84.83982,69.2964,106.08767
n2em3,11712_WAT,6,85.71888,70.30413,105.35126
n2em3,11712_WAT,7,85.72062,69.880325,105.554436
n2em3,11712_WAT,8,84.70465,70.26006,105.566246
n2em3,11712_WAT,9,85.70005,70.060814,106.35685
n2em3,11712_WAT,10,85.78862,69.99083,106.34648
n2em3,11712_WAT,11,84.87057,69.310844,105.72411
n2em3,11712_WAT,12,83.96123,69.783966,106.67416
n2em3,11712_WAT,13,83.393616,69.23866,106.01378
n2em3,11712_WAT,14,83.72369,69.24118,106.40103
n2em3,11712_WAT,15,85.04986,69.10208,106.771545
n2em3,11712_WAT,16,85.80114,68.96097,106.733315
n2em3,11712_WAT,17,83.21197,68.77411,106.86048
n2em3,11712_WAT,18,83.176445,69.6097,106.75408
n2em3,11712_WAT,19,86.38579,68.94297,108.61738
n2em3,11712_WAT,20,84.83889,69.28839,106.516106
n2em3,11712_WAT,21,83.999405,69.59491,106.6406
n2em3,11712_WAT,22,84.58547,69.158104,105.69106
n2em3,11712_WAT,23,83.87259,69.576675,107.70276
n2em3,11712_WAT,24,85.318275,69.131615,106.53247
n2em3,11712_WAT,30,86.204056,70.172905,108.846115
n2em3,11712_WAT,64,86.225204,70.17831,106.456764
n2em3,11712_WAT,65,84.8511,69.825554,107.281456
n2em3,11712_WAT,66,83.19988,69.661865,108.0331
n2em3,11712_WAT,67,84.73857,69.87164,107.920334
n2em3,11712_WAT,69,83.238884,69.38688,106.34266
n2em3,11712_WAT,70,84.57474,69.57166,105.405716
n2em3,11712_WAT,71,83.27667,69.07892,105.21028
n2em3,11712_WAT,75,83.95858,69.6878,105.36854
n2em3,11712_WAT,77,85.72321,70.65863,105.36974
n2em3,11712_WAT,78,84.26316,69.67898,106.02345
n2em3,11712_WAT,79,84.89677,70.07294,105.8644
n2em3,11712_WAT,80,84.33383,70.3053,105.96238
n2em3,11712_WAT,81,84.290665,70.47258,105.01311
n2em3,11712_WAT,83,87.53154,70.16292,105.50164
n2em3,11712_WAT,85,84.32451,68.99392,105.72159
n2em3,11712_WAT,93,85.77738,68.555176,103.80246
n2em3,11712_WAT,111,85.96365,68.96909,103.07297
n2em3,11712_WAT,112,87.00283,68.33135,103.35905
n2em3,11712_WAT,113,87.43766,68.032486,102.1238
n2em3,11712_WAT,114,86.17143,68.2156,104.07997
n2em3,11712_WAT,115,86.048676,68.11663,104.20267
n2em3,11712_WAT,116,86.11514,68.90163,104.4762
n2em3,11712_WAT,139,85.39132,68.73769,102.99144
n2em3,11712_WAT,140,87.125,68.7761,104.15543
n2em3,11712_WAT,141,87.09401,68.75461,104.33619
n2em3,11712_WAT,143,86.2361,69.328835,103.370224
n2em3,11712_WAT,144,86.08995,67.81445,101.13443
n2em3,11712_WAT,145,87.04544,67.89438,100.972725
n2em3,11712_WAT,146,86.77428,68.15544,101.3058
n2em3,11712_WAT,147,85.905106,69.3759,102.639656
n2em3,11712_WAT,148,86.06503,67.90001,102.304375
n2em3,11712_WAT,152,85.3933,68.4446,102.80423
n2em3,11712_WAT,154,84.72154,66.83043,102.13116
n2em3,11712_WAT,155,84.93922,68.08007,103.11064
n2em3,11712_WAT,156,85.399216,68.14187,102.64808
n2em3,11712_WAT,157,85.63005,67.167076,102.473366
n2em3,11712_WAT,158,85.72302,68.892746,103.291794
n2em3,11712_WAT,159,84.427925,68.968956,103.54456
n2em3,11712_WAT,160,85.33049,68.707664,103.4015
n2em3,11712_WAT,161,84.91804,69.013756,103.258156
n2em3,11712_WAT,163,85.82354,69.031685,102.8942
n2em3,11712_WAT,164,86.47126,69.01585,103.22239
n2em3,11712_WAT,166,87.96467,68.54179,102.31673
n2em3,11712_WAT,179,85.94748,67.95805,102.78494
n2em3,11712_WAT,180,87.88292,64.175026,101.13047
n2em3,11712_WAT,182,86.035324,66.45987,102.42285
n2em3,11712_WAT,184,85.88559,68.47113,102.88085
n2em3,11712_WAT,185,87.04868,68.21442,102.75735
n2em3,11712_WAT,186,86.68266,68.8676,103.29412
n2em3,11712_WAT,188,86.65164,69.45184,103.457184
n2em3,11712_WAT,189,85.58385,67.87359,103.30395
n2em3,11712_WAT,190,85.70904,68.0534,102.77731
n2em3,11712_WAT,210,85.61688,69.70245,103.62866
n2em3,11712_WAT,222,86.73384,68.03771,102.503944
n2em3,11712_WAT,224,87.459526,68.01162,102.04022
n2em3,11712_WAT,225,87.16472,68.74459,102.93825
n2em3,11712_WAT,226,86.68846,68.352486,102.28698
n2em3,11712_WAT,228,85.532234,67.12027,101.94315
n2em3,11712_WAT,229,86.30666,66.93698,101.72378
n2em3,11712_WAT,230,85.70368,66.96175,101.72339
n2em3,11712_WAT,231,86.144844,66.820244,101.72919
n2em3,11712_WAT,236,87.24607,66.83449,100.92766
n2em3,11712_WAT,238,87.00218,63.605015,100.05745
n2em3,11712_WAT,241,87.759315,64.864555,101.540085
n2em3,11712_WAT,242,85.894356,66.29265,103.294975
n2em3,11712_WAT,267,86.501915,66.85341,102.12513
n2em3,11712_WAT,349,86.161766,68.56759,103.05012
n2em3,11712_WAT,350,86.72415,69.09112,103.175385
n2em3,11712_WAT,356,88.101875,66.33757,100.6562
n2em3,11712_WAT,359,86.71718,67.45405,102.42107
n2em3,11712_WAT,373,88.078674,68.2391,102.269714
n2em3,11712_WAT,381,86.40975,69.40483,103.98121
n2em3,11712_WAT,382,86.84892,68.2116,102.17899
n2em3,11712_WAT,383,85.92584,68.616844,103.08342
n2em3,11712_WAT,386,86.50028,69.42313,104.03291
n2em3,11712_WAT,388,86.919075,69.286896,102.71299
n2em3,11722_WAT,1,74.06663,73.77252,105.42479
n2em3,11722_WAT,2,74.41681,72.451454,105.322
n2em3,11722_WAT,3,74.884995,72.839264,105.274826
n2em3,11722_WAT,4,73.95828,72.92177,104.3886
n2em3,11722_WAT,5,74.5961,72.77157,104.80009
n2em3,11722_WAT,6,74.402756,73.16372,104.71512
n2em3,11722_WAT,8,72.858696,72.194725,103.80652
n2em3,11722_WAT,9,75.10362,72.251114,105.653435
n2em3,11722_WAT,10,73.7363,71.814186,104.49668
n2em3,11722_WAT,11,73.56035,72.76025,103.935585
n2em3,11722_WAT,12,72.66855,72.69066,103.92624
n2em3,11722_WAT,13,72.9171,72.44586,103.69921
n2em3,11722_WAT,14,73.60043,72.838326,103.919106
n2em3,11722_WAT,15,73.720985,72.91415,104.134384
n2em3,11722_WAT,16,73.63794,72.73945,103.59214
n2em3,11722_WAT,17,73.30805,72.88822,104.140656
n2em3,11722_WAT,18,72.776184,72.87853,103.69149
n2em3,11722_WAT,19,73.828186,74.01447,105.30796
n2em3,11722_WAT,20,72.95927,74.05792,104.07459
n2em3,11722_WAT,21,72.878365,73.79183,104.32145
n2em3,11722_WAT,22,73.06111,73.533295,103.99941
n2em3,11722_WAT,23,73.221924,73.42993,104.279396
n2em3,11722_WAT,24,74.08206,73.35936,104.06958
n2em3,11722_WAT,25,73.92433,72.99134,104.17322
n2em3,11722_WAT,26,74.035255,73.81121,104.457146
n2em3,11722_WAT,27,74.582596,73.29174,104.66094
n2em3,11722_WAT,28,74.01729,73.50115,104.2978
n2em3,11722_WAT,29,73.75503,74.22223,104.47986
n2em3,11722_WAT,30,74.21965,73.68967,103.97764
n2em3,11722_WAT,31,73.91365,73.6304,104.912384
n2em3,11722_WAT,32,73.9523,74.05346,105.34352
n2em3,11722_WAT,33,73.58414,73.36371,104.61574
n2em3,11722_WAT,34,74.41874,73.528946,105.48359
n2em3,11722_WAT,36,73.982414,73.49529,104.51662
n2em3,11722_WAT,37,74.00712,73.00571,104.154366
n2em3,11722_WAT,38,75.21903,73.68268,105.29558
n2em3,11722_WAT,39,73.9398,72.68753,104.6879
n2em3,11722_WAT,40,73.47956,72.80012,103.828255
n2em3,11722_WAT,41,74.316666,73.26473,104.958
n2em3,11722_WAT,42,73.7028,72.765045,105.235725
n2em3,11722_WAT,46,73.15603,72.16404,105.04981
n2em3,11722_WAT,47,74.23056,73.3509,105.78145
n2em3,11722_WAT,48,73.83433,72.88947,105.05547
n2em3,11722_WAT,49,74.252914,73.572464,105.34805
n2em3,11722_WAT,50,74.0025,73.29128,104.77421
n2em3,11722_WAT,52,74.31886,72.94704,105.450294
n2em3,11722_WAT,53,74.19208,73.276215,105.67765
n2em3,11722_WAT,54,73.84241,73.21385,104.86028
n2em3,11722_WAT,55,73.1398,73.10898,104.04447
n2em3,11722_WAT,58,73.4405,71.83557,104.31029
n2em3,11722_WAT,63,74.07353,74.0332,105.832695
n2em3,11722_WAT,64,73.88902,73.42358,105.36096
n2em3,11722_WAT,65,73.33461,73.17039,105.09837
n2em3,11722_WAT,66,71.893326,73.26943,104.20837
n2em3,11722_WAT,67,73.60339,74.67559,105.29697
n2em3,11722_WAT,69,72.73545,74.2876,105.39094
n2em3,11722_WAT,70,73.963005,73.56273,105.877396
n2em3,11722_WAT,71,73.63232,72.9908,105.22258
n2em3,11722_WAT,75,73.657036,74.02552,105.64273
n2em3,11722_WAT,77,72.75668,73.05552,105.1735
n2em3,11722_WAT,78,72.84622,73.23841,104.465996
n2em3,11722_WAT,79,73.74696,73.4107,105.23564
n2em3,11722_WAT,80,74.22301,73.69155,105.61053
n2em3,11722_WAT,81,72.68771,73.16645,105.17105
n2em3,11722_WAT,82,72.58308,73.50345,105.197685
n2em3,11722_WAT,83,73.30535,74.022934,105.76718
n2em3,11722_WAT,85,73.19256,73.0685,105.44189
n2em3,11722_WAT,93,74.28626,72.92823,105.80099
n2em3,11722_WAT,104,72.140144,73.77232,104.29579
n2em3,11722_WAT,106,72.10727,73.57974,103.97232
n2em3,11722_WAT,109,71.90578,73.69617,104.114944
n2em3,11722_WAT,110,72.10349,73.69245,103.876015
n2em3,11722_WAT,111,72.429596,73.74134,104.47728
n2em3,11722_WAT,112,72.25352,74.36073,104.29904
n2em3,11722_WAT,113,72.90665,73.72448,104.27316
n2em3,11722_WAT,114,72.25686,73.91867,103.94522
n2em3,11722_WAT,115,72.60221,73.53536,104.15915
n2em3,11722_WAT,116,72.42379,73.90619,104.42069
n2em3,11722_WAT,117,72.195274,73.561745,103.53451
n2em3,11722_WAT,119,72.94264,73.93843,104.915924
n2em3,11722_WAT,122,72.511154,73.66041,103.857704
n2em3,11722_WAT,123,72.02865,74.07162,103.76312
n2em3,11722_WAT,124,72.440636,73.70921,103.86509
n2em3,11722_WAT,130,71.963776,73.47254,103.80213
n2em3,11722_WAT,131,71.92094,73.98633,103.7095
n2em3,11722_WAT,133,72.443504,73.50482,103.82996
n2em3,11722_WAT,136,72.32516,74.10062,103.65498
n2em3,11722_WAT,138,72.15866,73.42603,103.58366
n2em3,11722_WAT,139,72.35706,73.65522,103.73887
n2em3,11722_WAT,140,72.09478,73.54019,103.72129
n2em3,11722_WAT,141,72.38481,73.871765,104.04544
n2em3,11722_WAT,143,72.23103,73.20428,103.705475
n2em3,11722_WAT,144,71.788055,73.19462,103.900475
n2em3,11722_WAT,145,72.1224,73.83305,103.78764
n2em3,11722_WAT,146,72.43863,73.0188,103.63814
n2em3,11722_WAT,147,72.3358,73.56489,103.90051
n2em3,11722_WAT,148,71.8102,72.47805,103.43997
n2em3,11722_WAT,152,71.90888,73.53995,103.44011
n2em3,11722_WAT,154,72.10861,73.110146,104.36186
n2em3,11722_WAT,155,74.17665,72.58427,105.459915
n2em3,11722_WAT,156,74.11029,72.62829,105.357956
n2em3,11722_WAT,157,74.7628,71.656044,106.11271
n2em3,11722_WAT,158,73.31355,72.51964,105.063
n2em3,11722_WAT,159,73.86905,73.477036,105.8361
n2em3,11722_WAT,160,74.2542,72.46888,105.57368
n2em3,11722_WAT,161,74.50381,73.09367,106.0116
n2em3,11722_WAT,163,73.62617,73.81144,105.37333
n2em3,11722_WAT,164,73.35388,73.89818,104.617325
n2em3,11722_WAT,166,74.48559,73.23167,105.80696
n2em3,11722_WAT,167,74.19768,73.4224,104.451
n2em3,11722_WAT,168,74.81257,73.14288,104.92302
n2em3,11722_WAT,173,73.945885,73.315994,105.26834
n2em3,11722_WAT,174,72.38597,73.241714,105.02595
n2em3,11722_WAT,175,74.07502,73.05271,104.94945
n2em3,11722_WAT,176,73.92826,73.87781,105.308136
n2em3,11722_WAT,177,74.012215,74.39973,105.569405
n2em3,11722_WAT,178,73.11598,73.78141,104.68163
n2em3,11722_WAT,179,73.37476,72.31136,104.20232
n2em3,11722_WAT,180,73.78919,72.98045,104.813354
n2em3,11722_WAT,182,73.0881,72.8897,104.38808
n2em3,11722_WAT,184,74.42199,72.02466,105.397575
n2em3,11722_WAT,185,73.76178,72.50834,105.1148
n2em3,11722_WAT,186,73.09323,73.357124,104.46459
n2em3,11722_WAT,188,73.41349,73.00064,104.75641
n2em3,11722_WAT,189,73.963005,73.69355,104.90114
n2em3,11722_WAT,190,72.14845,73.9349,104.175095
n2em3,11722_WAT,192,73.67263,72.6129,104.79594
n2em3,11722_WAT,193,72.74897,73.738594,104.936295
n2em3,11722_WAT,195,73.94334,73.32301,104.817116
n2em3,11722_WAT,196,73.35476,72.66191,104.451675
n2em3,11722_WAT,210,72.87669,73.36121,105.074585
n2em3,11722_WAT,231,74.09522,72.54026,104.685585
n2em3,11722_WAT,236,73.6739,72.65662,104.14869
n2em3,11722_WAT,238,73.80091,73.146935,104.43069
n2em3,11722_WAT,241,74.11576,73.2169,104.38278
n2em3,11722_WAT,242,73.261536,72.7475,104.6205
n2em3,11722_WAT,267,74.18285,73.60836,104.955734
n2em3,11722_WAT,349,76.48098,71.40313,106.76697
n2em3,11722_WAT,350,75.10919,71.500374,106.25013
n2em3,11722_WAT,356,74.38344,71.46349,105.238495
n2em3,11722_WAT,358,74.25873,72.2719,106.49031
n2em3,11722_WAT,359,75.606285,74.18509,105.89125
n2em3,11722_WAT,373,76.81423,73.40553,105.3503
n2em3,11722_WAT,382,75.225784,75.597694,105.71155
n2em3,11722_WAT,383,73.70165,76.38142,105.36044
n2em3,11722_WAT,386,75.30816,75.67253,105.31053
n2em3,11722_WAT,388,74.36913,76.12766,107.151
n2em3,11782_WAT,41,72.59995,75.50239,107.31881
n2em3,11782_WAT,42,72.3087,75.223946,107.17884
n2em3,11782_WAT,46,72.08279,75.29067,106.81
n2em3,11782_WAT,47,72.46104,75.375626,107.66907
n2em3,11782_WAT,48,72.75032,75.05498,107.07375
n2em3,11782_WAT,49,72.50816,75.38641,107.17525
n2em3,11782_WAT,50,72.10071,75.33753,106.99761
n2em3,11782_WAT,52,72.73449,75.60847,107.18831
n2em3,11782_WAT,53,72.879745,75.70315,107.39153
n2em3,11782_WAT,54,72.18003,75.62962,106.76066
n2em3,11782_WAT,55,71.60072,75.82487,106.25014
n2em3,11782_WAT,63,72.58119,75.904915,107.490166
n2em3,11782_WAT,64,72.40441,76.07753,107.501854
n2em3,11782_WAT,65,71.63128,75.552536,106.64645
n2em3,11782_WAT,67,71.840546,76.55985,107.33346
n2em3,11782_WAT,69,71.45698,76.210396,107.36058
n2em3,11782_WAT,70,71.96776,75.63911,107.37082
n2em3,11782_WAT,71,72.23592,75.58578,106.83376
n2em3,11782_WAT,75,72.14696,76.22541,107.30147
n2em3,11782_WAT,77,71.70285,75.387184,106.90739
n2em3,11782_WAT,79,72.12568,75.67905,106.986534
n2em3,11782_WAT,80,73.33355,75.4513,107.68789
n2em3,11782_WAT,81,71.560265,75.53665,107.10983
n2em3,11782_WAT,82,71.41903,75.93331,107.14059
n2em3,11782_WAT,83,72.12301,75.49757,107.6409
n2em3,11782_WAT,85,71.781845,75.65942,107.19544
n2em3,11782_WAT,155,72.49702,75.48489,106.996544
n2em3,11782_WAT,156,73.23877,75.34613,107.17574
n2em3,11782_WAT,158,72.262955,75.55355,106.58267
n2em3,11782_WAT,159,72.171295,75.97467,107.50791
n2em3,11782_WAT,160,72.756836,75.224754,107.009895
n2em3,11782_WAT,161,72.57841,75.480995,107.21231
n2em3,11782_WAT,163,71.85417,76.22948,106.92927
n2em3,11782_WAT,164,71.28733,76.10964,106.039185
n2em3,11782_WAT,166,73.08915,75.6212,107.66041
n2em3,11782_WAT,210,71.43335,75.81213,107.2044
n2em3,11782_WAT,122,71.613976,76.2378,105.48945
n2em3,11782_WAT,123,70.41111,76.64951,105.138466
n2em3,11782_WAT,124,70.76068,76.5166,105.020996
n2em3,11782_WAT,130,70.51103,76.30267,105.31273
n2em3,11782_WAT,131,70.38286,76.3157,105.3317
n2em3,11782_WAT,133,70.894165,76.32353,104.907005
n2em3,11782_WAT,136,70.88083,76.5707,105.26256
n2em3,11782_WAT,138,70.724884,75.91703,104.837204
n2em3,11782_WAT,139,70.797966,76.57181,104.94422
n2em3,11782_WAT,140,70.97675,76.132645,105.08655
n2em3,11782_WAT,143,70.64048,75.558846,105.201
n2em3,11782_WAT,144,69.979935,75.70052,105.226
n2em3,11782_WAT,145,70.64024,76.01316,104.84013
n2em3,11782_WAT,146,70.57968,75.75634,104.57458
n2em3,11782_WAT,147,70.85543,75.95014,105.13271
n2em3,11782_WAT,148,70.258,75.18821,104.768135
n2em3,11782_WAT,152,70.81938,75.79298,105.31988
n2em3,11782_WAT,0,74.25287,72.7855,108.631836
n2em3,11782_WAT,1,73.05599,75.58819,107.25666
n2em3,11782_WAT,2,73.493774,74.97194,106.65385
n2em3,11782_WAT,3,73.578835,75.37618,106.17199
n2em3,11782_WAT,4,73.16633,75.16161,105.95555
n2em3,11782_WAT,6,73.382416,75.29923,106.43042
n2em3,11782_WAT,7,72.98943,74.48484,105.97104
n2em3,11782_WAT,8,72.08993,74.908455,105.54919
n2em3,11782_WAT,9,73.87685,75.0085,106.70751
n2em3,11782_WAT,10,72.96636,74.94076,105.65628
n2em3,11782_WAT,11,72.600655,75.28066,105.86548
n2em3,11782_WAT,12,71.414955,74.94128,105.07545
n2em3,11782_WAT,13,72.529854,74.891945,105.48845
n2em3,11782_WAT,14,72.83251,75.27654,105.375
n2em3,11782_WAT,15,72.84888,75.082695,105.823395
n2em3,11782_WAT,16,72.29044,75.08262,105.022446
n2em3,11782_WAT,17,72.31091,74.91312,105.75892
n2em3,11782_WAT,18,72.04795,75.14374,105.31168
n2em3,11782_WAT,19,72.19648,75.26558,107.15337
n2em3,11782_WAT,20,71.31928,75.45539,105.41696
n2em3,11782_WAT,21,71.66474,75.77365,105.72012
n2em3,11782_WAT,22,72.09073,75.61421,105.79139
n2em3,11782_WAT,23,72.5422,75.41866,106.038475
n2em3,11782_WAT,24,72.80045,75.298294,105.81536
n2em3,11782_WAT,25,72.87158,74.95448,105.920364
n2em3,11782_WAT,26,73.16362,75.462456,106.4684
n2em3,11782_WAT,27,72.81811,75.31917,105.834625
n2em3,11782_WAT,28,72.770325,75.63868,105.822235
n2em3,11782_WAT,29,72.62608,75.538246,106.323814
n2em3,11782_WAT,30,72.57543,75.418106,105.668724
n2em3,11782_WAT,31,72.815865,75.35725,106.771095
n2em3,11782_WAT,32,72.22624,75.57856,106.876595
n2em3,11782_WAT,33,72.43677,75.755905,106.25666
n2em3,11782_WAT,34,72.824776,75.740875,106.77461
n2em3,11782_WAT,36,73.34563,75.45427,106.15553
n2em3,11782_WAT,37,73.288925,74.69875,106.175835
n2em3,11782_WAT,38,73.80978,75.60285,106.73926
n2em3,11782_WAT,39,73.12884,75.08678,106.38817
n2em3,11782_WAT,40,72.889275,75.23273,105.363304
n2em3,11782_WAT,58,72.00772,74.32411,106.004555
n2em3,11782_WAT,66,70.6664,75.91335,105.81442
n2em3,11782_WAT,78,72.21201,76.42884,105.79308
n2em3,11782_WAT,93,72.7446,75.33472,107.00928
n2em3,11782_WAT,104,71.37884,76.78229,105.66274
n2em3,11782_WAT,106,70.59848,76.31763,105.08375
n2em3,11782_WAT,109,70.80193,76.73143,105.27713
n2em3,11782_WAT,110,70.63941,76.52287,105.01999
n2em3,11782_WAT,111,70.91053,76.18743,105.58923
n2em3,11782_WAT,112,71.47646,76.66544,105.86026
n2em3,11782_WAT,113,71.387695,76.6436,105.668236
n2em3,11782_WAT,114,71.530846,77.0028,105.6777
n2em3,11782_WAT,115,71.60365,76.77384,105.607666
n2em3,11782_WAT,116,71.27322,76.65397,105.526276
n2em3,11782_WAT,117,71.076065,76.49757,105.125015
n2em3,11782_WAT,119,71.96934,76.43899,106.34832
n2em3,11782_WAT,141,71.399216,76.8256,105.798935
n2em3,11782_WAT,154,71.109184,75.85025,105.676476
n2em3,11782_WAT,157,73.55499,75.04056,106.39093
n2em3,11782_WAT,167,73.10985,75.96431,105.8132
n2em3,11782_WAT,168,74.18482,75.979126,106.30172
n2em3,11782_WAT,169,73.95538,75.28336,106.056366
n2em3,11782_WAT,173,72.583725,75.3556,106.83196
n2em3,11782_WAT,174,71.788635,75.14877,107.02337
n2em3,11782_WAT,175,73.084045,75.51193,106.3139
n2em3,11782_WAT,176,72.72439,76.44426,106.545784
n2em3,11782_WAT,177,72.67202,76.65029,106.877075
n2em3,11782_WAT,178,71.40405,75.85369,106.16285
n2em3,11782_WAT,179,72.902664,74.75483,105.943634
n2em3,11782_WAT,180,72.694115,74.737686,106.199745
n2em3,11782_WAT,182,71.895706,74.679054,105.90169
n2em3,11782_WAT,184,73.6149,74.92353,105.988174
n2em3,11782_WAT,185,73.09315,75.07295,106.576744
n2em3,11782_WAT,186,71.91865,75.31278,106.255974
n2em3,11782_WAT,188,72.4439,75.071365,106.456535
n2em3,11782_WAT,189,72.76929,75.451515,106.54526
n2em3,11782_WAT,190,70.75749,75.670845,105.74622
n2em3,11782_WAT,192,72.20038,74.77749,105.6917
n2em3,11782_WAT,193,71.15736,75.12527,106.269104
n2em3,11782_WAT,195,72.707985,75.1417,106.26477
n2em3,11782_WAT,196,72.643845,75.20224,105.84721
n2em3,11782_WAT,221,73.04977,75.25659,105.40183
n2em3,11782_WAT,222,73.070984,74.47865,105.801796
n2em3,11782_WAT,224,72.58901,74.97933,105.90409
n2em3,11782_WAT,225,73.63608,75.19117,105.83414
n2em3,11782_WAT,226,72.84183,75.28642,105.35692
n2em3,11782_WAT,228,72.96748,74.92824,105.73725
n2em3,11782_WAT,229,72.79621,75.14111,105.71823
n2em3,11782_WAT,230,72.91295,75.15011,105.88563
n2em3,11782_WAT,231,73.14337,74.57885,106.2327
n2em3,11782_WAT,236,72.921616,75.30616,105.52609
n2em3,11782_WAT,238,72.87055,75.01652,106.083984
n2em3,11782_WAT,241,73.29209,75.26343,105.808975
n2em3,11782_WAT,242,72.034325,75.21465,105.9175
n2em3,11782_WAT,267,73.0747,75.33244,106.57829
n2em3,11782_WAT,349,75.0986,74.50314,109.6788
n2em3,11782_WAT,350,75.15311,75.0001,109.06163
n2em3,11782_WAT,356,74.15522,75.08026,106.85527
n2em3,11782_WAT,358,73.365974,75.38646,108.37064
n2em3,11782_WAT,359,74.52759,76.939865,108.066086
n2em3,11782_WAT,373,75.066475,77.131195,107.81648
n2em3,11782_WAT,381,72.72765,77.99759,107.86695
n2em3,11782_WAT,382,73.78776,78.27189,108.41695
n2em3,11782_WAT,383,73.341034,78.49827,107.700966
n2em3,11782_WAT,386,73.18533,79.06104,108.020935
n2em3,11782_WAT,388,72.39481,78.4331,108.683304
